Ra = 0.78; La = 0.016;
Rf = 150; Lf = 112.5;
Laf = 1.234;
J = 0.25;
Bm = 0.01;
TLN = 20.35;
Vf = 150;
Va = 240;
RafEnable = 0;
Raf = 1;
